06   1   152087   142181   161993  9.3  8.7  9.9    35658    31083    40233 10.5  9.2 11.8    24513    20989    28037 10.1  8.7 11.5  95550  93504  97596 
06   3      202      155      249 18.1 13.9 22.3       67       50       84 35.3 26.5 44.1       45       33       57 28.7 21.3 36.1  55755  49538  61972 
06   5     3762     2896     4628 10.9  8.4 13.4      908      683     1133 15.7 11.8 19.6      635      469      801 15.2 11.2 19.2  60588  55422  65754 
06   7    40728    36647    44809 18.1 16.3 19.9    10208     8436    11980 22.6 18.7 26.5     6893     5504     8282 21.2 16.9 25.5  48634  45973  51295 
06   9     5904     4780     7028 13.1 10.6 15.6     1590     1270     1910 21.1 16.9 25.3     1170      937     1403 20.9 16.7 25.1  58536  53252  63820 
06  11     2633     2157     3109 12.2 10.0 14.4      912      724     1100 15.4 12.2 18.6      645      504      786 14.9 11.7 18.1  53595  47946  59244 
06  13   103883    94803   112963  9.1  8.3  9.9    29067    25780    32354 11.2  9.9 12.5    19894    17408    22380 10.3  9.0 11.6  95062  92560  97564 
06  15     6113     5107     7119 24.6 20.6 28.6     1949     1577     2321 33.9 27.4 40.4     1355     1086     1624 32.5 26.1 38.9  39996  36244  43748 
06  17    15620    12971    18269  8.3  6.9  9.7     3602     2781     4423  9.6  7.4 11.8     2531     1923     3139  8.8  6.7 10.9  78464  73194  83734 
06  19   205046   192640   217452 21.1 19.8 22.4    78675    72265    85085 28.3 26.0 30.6    53484    48553    58415 26.7 24.2 29.2  51452  49837  53067 
06  21     4111     3255     4967 14.8 11.7 17.9     1528     1164     1892 20.8 15.9 25.7     1057      792     1322 19.8 14.8 24.8  49979  47174  52784 
06  23    26262    22440    30084 19.7 16.8 22.6     6347     5086     7608 24.7 19.8 29.6     4169     3249     5089 22.9 17.9 27.9  46123  42221  50025 
06  25    35830    31261    40399 20.7 18.1 23.3    14566    12062    17070 28.1 23.3 32.9     9771     7792    11750 26.7 21.3 32.1  43413  39624  47202 
06  27     2087     1589     2585 11.8  9.0 14.6      648      487      809 17.6 13.2 22.0      448      330      566 17.1 12.6 21.6  53528  48643  58413 
06  29   182948   171072   194824 21.2 19.8 22.6    74276    68370    80182 29.0 26.7 31.3    50383    46006    54760 27.2 24.8 29.6  49904  47939  51869 
06  31    24810    21366    28254 18.4 15.8 21.0     9951     8537    11365 24.5 21.0 28.0     7080     6022     8138 24.4 20.8 28.0  55076  51701  58451 
06  33    12817    10736    14898 20.2 16.9 23.5     3905     3118     4692 30.1 24.0 36.2     2787     2214     3360 29.9 23.8 36.0  45797  42700  48894 
06  35     3790     2934     4646 16.3 12.6 20.0      940      717     1163 18.0 13.7 22.3      648      487      809 17.6 13.2 22.0  58776  54289  63263 
06  37  1490853  1454153  1527553 14.9 14.5 15.3   457665   440895   474435 20.9 20.1 21.7   321855   309267   334443 20.4 19.6 21.2  64912  64252  65572 
06  39    31569    27218    35920 21.2 18.3 24.1    12075    10097    14053 28.6 23.9 33.3     8435     7010     9860 27.4 22.8 32.0  50783  47084  54482 
06  41    20222    17808    22636  7.9  7.0  8.8     4262     3470     5054  8.2  6.7  9.7     2898     2338     3458  7.3  5.9  8.7 112735 107137 118333 
06  43     2641     2130     3152 15.2 12.3 18.1      600      451      749 21.2 15.9 26.5      429      314      544 21.0 15.4 26.6  52387  48245  56529 
06  45    14156    11702    16610 16.3 13.5 19.1     4230     3243     5217 22.8 17.5 28.1     2879     2164     3594 21.6 16.2 27.0  50453  46225  54681 
06  47    61297    56255    66339 23.0 21.1 24.9    26862    24467    29257 33.7 30.7 36.7    18552    16815    20289 31.7 28.7 34.7  48036  45291  50781 
06  49     1658     1282     2034 19.2 14.8 23.6      475      360      590 29.7 22.5 36.9      327      242      412 27.3 20.2 34.4  40970  36630  45310 
06  51     1313      994     1632  9.3  7.0 11.6      329      247      411 12.6  9.5 15.7      225      165      285 11.9  8.7 15.1  60318  55204  65432 
06  53    49860    43546    56174 11.9 10.4 13.4    18275    15416    21134 16.2 13.7 18.7    13032    10850    15214 16.1 13.4 18.8  70294  68046  72542 
06  55     9301     7460    11142  6.8  5.5  8.1     2521     1851     3191  8.6  6.3 10.9     1766     1274     2258  8.1  5.9 10.3  83881  79865  87897 
06  57    10889     9162    12616 11.0  9.3 12.7     2451     1891     3011 14.4 11.1 17.7     1689     1270     2108 13.4 10.1 16.7  64901  59354  70448 
06  59   362109   344751   379467 11.5 10.9 12.1   108596   100876   116316 15.7 14.6 16.8    80717    75148    86286 15.9 14.8 17.0  86031  84891  87171 
06  61    29873    26624    33122  7.8  7.0  8.6     6132     4934     7330  7.2  5.8  8.6     4353     3481     5225  6.7  5.4  8.0  81366  78602  84130 
06  63     2640     2105     3175 14.3 11.4 17.2      680      512      848 22.0 16.6 27.4      460      335      585 20.1 14.6 25.6  51756  46370  57142 
06  65   309235   292034   326436 12.9 12.2 13.6    98029    88814   107244 16.2 14.7 17.7    71037    64176    77898 15.8 14.3 17.3  63776  62674  64878 
06  67   213232   200490   225974 14.1 13.3 14.9    65306    58907    71705 18.2 16.4 20.0    42791    37523    48059 16.4 14.4 18.4  62959  61303  64615 
06  69     5029     3786     6272  8.4  6.3 10.5     1824     1359     2289 11.9  8.9 14.9     1298      946     1650 11.3  8.2 14.4  77200  70441  83959 
06  71   339748   320900   358596 16.0 15.1 16.9   129269   119904   138634 23.0 21.3 24.7    90046    83145    96947 22.0 20.3 23.7  60270  59303  61237 
06  73   385479   366449   404509 11.9 11.3 12.5   112637   104159   121115 15.7 14.5 16.9    73529    67042    80016 14.5 13.2 15.8  76048  75141  76955 
06  75    87314    79689    94939 10.1  9.2 11.0    14234    11502    16966 12.3  9.9 14.7     9504     7546    11462 12.4  9.8 15.0 109601 107133 112069 
06  77   113375   102366   124384 15.5 14.0 17.0    43313    38364    48262 21.6 19.1 24.1    29977    26539    33415 20.3 18.0 22.6  60950  59547  62353 
06  79    31826    27789    35863 11.9 10.4 13.4     6083     4824     7342 12.3  9.8 14.8     4213     3281     5145 11.6  9.0 14.2  70634  67328  73940 
06  81    48795    42272    55318  6.4  5.5  7.3    11102     8842    13362  7.0  5.6  8.4     7828     6187     9469  6.9  5.5  8.3 115908 112815 119001 
06  83    60921    55050    66792 14.2 12.8 15.6    16917    14438    19396 17.4 14.9 19.9    11308     9463    13153 16.3 13.6 19.0  70651  68846  72456 
06  85   142603   130922   154284  7.5  6.9  8.1    34255    29855    38655  8.1  7.1  9.1    24654    21569    27739  8.0  7.0  9.0 118468 115818 121118 
06  87    33262    28841    37683 12.6 10.9 14.3     7223     5644     8802 13.7 10.7 16.7     4982     3845     6119 13.0 10.0 16.0  76633  71804  81462 
06  89    30155    26328    33982 17.0 14.8 19.2     8635     7081    10189 22.9 18.8 27.0     5649     4508     6790 20.8 16.6 25.0  51207  48094  54320 
06  91      404      310      498 13.7 10.5 16.9       93       70      116 20.2 15.2 25.2       65       48       82 19.9 14.6 25.2  49495  43968  55022 
06  93     7679     6512     8846 17.7 15.0 20.4     2238     1700     2776 25.7 19.5 31.9     1531     1133     1929 23.9 17.7 30.1  44013  41189  46837 
06  95    43352    37727    48977 10.0  8.7 11.3    13687    11512    15862 14.0 11.8 16.2     8929     7201    10657 12.6 10.2 15.0  75931  71905  79957 
06  97    46165    40215    52115  9.3  8.1 10.5    10726     8684    12768 10.9  8.8 13.0     7032     5580     8484  9.7  7.7 11.7  79511  76859  82163
06  99    75614    66699    84529 14.0 12.4 15.6    27296    23038    31554 18.6 15.7 21.5    19031    15844    22218 17.8 14.8 20.8  58925  56702  61148
06 101    12628    10279    14977 13.2 10.7 15.7     4521     3519     5523 18.2 14.2 22.2     3244     2498     3990 17.8 13.7 21.9  54102  49969  58235
06 103    12718    10881    14555 20.1 17.2 23.0     4363     3586     5140 29.0 23.8 34.2     2878     2294     3462 26.5 21.1 31.9  41819  37967  45671
06 105     2529     1983     3075 20.3 15.9 24.7      671      509      833 32.1 24.3 39.9      451      334      568 29.2 21.6 36.8  40676  36530  44822
06 107   110299   101815   118783 24.0 22.2 25.8    45371    41232    49510 31.9 29.0 34.8    32196    29082    35310 30.9 27.9 33.9  46377  44002  48752
06 109     6205     4841     7569 12.2  9.5 14.9     1558     1157     1959 17.5 13.0 22.0     1060      769     1351 16.4 11.9 20.9  58776  53854  63698
06 111    80217    71799    88635  9.5  8.5 10.5    25607    21969    29245 13.2 11.3 15.1    17357    14613    20101 12.1 10.2 14.0  82436  80369  84503
06 113    36761    33639    39883 17.5 16.0 19.0     6447     5090     7804 14.1 11.1 17.1     4459     3439     5479 13.4 10.3 16.5  64900  60238  69562
06 115    11609     9392    13826 15.3 12.4 18.2     4556     3477     5635 21.9 16.7 27.1     3144     2318     3970 21.3 15.7 26.9  53822  50075  57569